1 0.45390625 0.03125 0.0484375 0.05
1 0.53046875 0.02890625 0.0453125 0.0484375
1 0.15 0.03203125 0.3 0.0640625
5 0.11875 0.2953125 0.090625 0.084375
4 0.32578125 0.2234375 0.1234375 0.209375
9 0.1140625 0.4046875 0.05 0.084375
10 0.1140625 0.378125 0.04375 0.0875
10 0.76875 0.2828125 0.028125 0.06875
10 0.809375 0.353125 0.0375 0.08125
10 0.68515625 0.2421875 0.0234375 0.06875
10 0.89296875 0.30078125 0.0328125 0.0765625
10 0.90390625 0.35703125 0.0453125 0.0890625
10 0.03828125 0.38671875 0.0421875 0.0859375