1 0.15 0.03046875 0.3 0.0609375
5 0.09453125 0.5546875 0.1890625 0.175
5 0.4625 0.4953125 0.19375 0.14375
9 0.01875 0.4015625 0.0375 0.046875
9 0.4265625 0.36640625 0.059375 0.0609375
9 0.16875 0.46953125 0.06875 0.0703125
9 0.2984375 0.384375 0.065625 0.05
9 0.14296875 0.39296875 0.0671875 0.0484375
9 0.55703125 0.403125 0.0578125 0.05625
10 0.55859375 0.38125 0.0328125 0.065625
10 0.4265625 0.34921875 0.028125 0.0609375
10 0.29921875 0.36328125 0.0265625 0.0671875
10 0.1296875 0.0796875 0.03125 0.0375
10 0.75625 0.33515625 0.025 0.0453125
10 0.0109375 0.37421875 0.021875 0.0640625
0 0.596875 0.69765625 0.659375 0.5953125