1 0.45390625 0.03046875 0.0484375 0.0515625
1 0.53046875 0.02890625 0.0453125 0.0484375
1 0.15078125 0.03203125 0.3015625 0.0640625
14 0.61171875 0.025 0.0203125 0.01875
4 0.3625 0.165625 0.084375 0.146875
0 0.8203125 0.553125 0.11875 0.103125
0 0.91953125 0.4625 0.1140625 0.084375
0 0.68984375 0.45 0.0953125 0.075
0 0.66015625 0.6 0.1296875 0.115625
9 0.0359375 0.4921875 0.071875 0.06875
9 0.19453125 0.66484375 0.1546875 0.1234375
9 0.93125 0.6390625 0.134375 0.125
9 0.5109375 0.53203125 0.115625 0.0953125
9 0.83046875 0.22265625 0.0578125 0.0515625
9 0.4859375 0.45078125 0.1 0.0921875
9 0.25078125 0.58203125 0.1171875 0.1171875
10 0.9375 0.6046875 0.06875 0.15
10 0.18984375 0.63046875 0.0703125 0.1328125
10 0.65703125 0.56328125 0.0671875 0.1265625
10 0.23203125 0.56328125 0.0671875 0.1234375
10 0.0171875 0.45390625 0.034375 0.0859375
10 0.50625 0.50234375 0.053125 0.1234375
10 0.8203125 0.5203125 0.05 0.11875
10 0.4828125 0.42421875 0.040625 0.0921875