1 0.27109375 0.29453125 0.1078125 0.0796875
1 0.48125 0.28671875 0.13125 0.0984375
1 0.35859375 0.5109375 0.0828125 0.25
12 0.678125 0.78046875 0.08125 0.1296875
12 0.0578125 0.596875 0.065625 0.075
3 0.140625 0.83203125 0.034375 0.0828125
8 0.49921875 0.8953125 0.1078125 0.20625
5 0.234375 0.96953125 0.125 0.0578125
5 0.9546875 0.5109375 0.034375 0.053125
5 0.70859375 0.93359375 0.1078125 0.1296875
5 0.05546875 0.9609375 0.1109375 0.075
10 0.14140625 0.80078125 0.0359375 0.0984375
10 0.234375 0.74453125 0.03125 0.1140625
10 0.434375 0.525 0.0125 0.05
10 0.25234375 0.59765625 0.0234375 0.0734375