5 0.5515625 0.68671875 0.134375 0.1203125
5 0.81875 0.52421875 0.103125 0.0890625
3 0.73515625 0.609375 0.0484375 0.078125
5 0.31484375 0.7953125 0.1578125 0.146875
5 0.3609375 0.63125 0.121875 0.103125
5 0.65546875 0.4484375 0.0765625 0.065625
5 0.05859375 0.49765625 0.0921875 0.0765625
9 0.9234375 0.6609375 0.053125 0.096875
10 0.734375 0.5828125 0.046875 0.08125
10 0.3015625 0.45546875 0.028125 0.0609375
10 0.925 0.625 0.05 0.06875
16 0.38125 0.4953125 0.1125 0.175
11 0.090625 0.75078125 0.18125 0.1578125