12 0.62109375 0.88515625 0.1796875 0.1734375
5 0.54921875 0.6171875 0.1171875 0.10625
5 0.071875 0.82734375 0.14375 0.1484375
5 0.23984375 0.9765625 0.2265625 0.04375
5 0.3578125 0.66796875 0.128125 0.1171875
5 0.8859375 0.59921875 0.125 0.1078125
5 0.1078125 0.45546875 0.08125 0.0671875
5 0.76875 0.28203125 0.0375 0.0328125
5 0.690625 0.51328125 0.09375 0.0828125
9 0.8234375 0.74765625 0.065625 0.1015625
10 0.321875 0.42265625 0.028125 0.0578125
10 0.82265625 0.7125 0.0640625 0.10625
16 0.4 0.44765625 0.096875 0.1546875
11 0.1609375 0.6515625 0.15 0.13125