14 0.64453125 0.1375 0.0171875 0.01875
14 0.3875 0.13515625 0.015625 0.0171875
9 0.771875 0.6703125 0.05625 0.0875
5 0.33984375 0.725 0.1421875 0.13125
5 0.55078125 0.65078125 0.1265625 0.1109375
5 0.08515625 0.475 0.0859375 0.071875
5 0.04765625 0.9078125 0.0953125 0.16875
5 0.85 0.5578125 0.1125 0.096875
5 0.98046875 0.71484375 0.0359375 0.1328125
5 0.37265625 0.59140625 0.1109375 0.0953125
5 0.671875 0.4765625 0.084375 0.075
5 0.76015625 0.2796875 0.0390625 0.03125
5 0.64140625 0.94140625 0.2015625 0.1140625
9 0.2828125 0.33046875 0.01875 0.0328125
10 0.771875 0.640625 0.053125 0.090625
10 0.31171875 0.4390625 0.0265625 0.0625
16 0.390625 0.46953125 0.103125 0.1640625
11 0.1296875 0.69765625 0.1625 0.1421875