5 0.15859375 0.6609375 0.1453125 0.1125
5 0.25703125 0.9421875 0.2296875 0.1125
5 0.33671875 0.7765625 0.1609375 0.14375
5 0.62734375 0.87421875 0.1796875 0.1671875
5 0.77421875 0.6828125 0.1390625 0.125
5 0.16171875 0.4078125 0.0703125 0.05625
5 0.97578125 0.76953125 0.0453125 0.1453125
5 0.0484375 0.8828125 0.096875 0.165625
5 0.53828125 0.53828125 0.1015625 0.0859375
5 0.57578125 0.69921875 0.1359375 0.1265625
5 0.784375 0.45390625 0.084375 0.0796875
5 0.009375 0.578125 0.01875 0.06875
9 0.04609375 0.4578125 0.0296875 0.053125