4 0.34765625 0.5484375 0.20390625 0.40859375
5 0.28984375 0.80859375 0.14609375 0.240625
5 0.1484375 0.63828125 0.13203125 0.1359375
5 0.47734375 0.853125 0.171875 0.2515625
5 0.72578125 0.5234375 0.09765625 0.11875
5 0.49375 0.36328125 0.06875 0.09765625
5 0.95546875 0.66640625 0.0875 0.13828125
5 0.8734375 0.709375 0.13515625 0.1703125
5 0.97578125 0.90546875 0.04765625 0.14140625
8 0.74609375 0.809375 0.20625 0.26171875
5 0.6328125 0.9375 0.16875 0.121875
5 0.56171875 0.7203125 0.13125 0.1984375
5 0.54765625 0.2828125 0.059375 0.08125
5 0.95234375 0.5703125 0.09296875 0.06875
5 0.44765625 0.24375 0.05078125 0.08515625
5 0.20390625 0.559375 0.09375 0.15078125
11 0.55234375 0.46328125 0.09921875 0.1296875
5 0.8734375 0.56171875 0.1109375 0.1296875
5 0.57578125 0.53203125 0.09453125 0.14140625
11 0.61015625 0.57421875 0.1265625 0.12734375
5 0.78828125 0.96640625 0.42109375 0.0640625
5 0.68515625 0.47734375 0.0828125 0.1078125
5 0.45625 0.59453125 0.02890625 0.1484375
5 0.44375 0.3234375 0.059375 0.07109375
10 0.77265625 0.5640625 0.0421875 0.15546875
10 0.57421875 0.34140625 0.02734375 0.103125
10 0.64921875 0.484375 0.03203125 0.1078125
10 0.61484375 0.3953125 0.028125 0.11328125
10 0.60390625 0.296875 0.0234375 0.08515625
10 0.18984375 0.290625 0.021875 0.06171875
10 0.896875 0.44296875 0.03515625 0.10625
10 0.94375 0.50859375 0.03515625 0.05703125
4 0.6828125 0.32421875 0.09921875 0.18203125