5 0.609375 0.7375 0.03203125 0.04375
5 0.5640625 0.76796875 0.03203125 0.04140625
5 0.54609375 0.71015625 0.025 0.03515625
5 0.6484375 0.80078125 0.0390625 0.04765625
5 0.6734375 0.84375 0.05234375 0.06875
5 0.7234375 0.934375 0.0625 0.0875
5 0.31875 0.76328125 0.03203125 0.0375
5 0.38828125 0.74609375 0.02734375 0.03515625
5 0.32578125 0.80859375 0.03671875 0.05234375
5 0.14921875 0.96171875 0.06796875 0.0640625
5 0.5828125 0.653125 0.01484375 0.02421875
5 0.05859375 0.765625 0.0515625 0.04140625
5 0.3234375 0.715625 0.025 0.0328125
5 0.53046875 0.67265625 0.01953125 0.02421875
5 0.35859375 0.7859375 0.03515625 0.0484375
5 0.65546875 0.74375 0.03046875 0.046875
5 0.575 0.815625 0.040625 0.0578125
5 0.89765625 0.72578125 0.0203125 0.0390625
5 0.890625 0.8765625 0.0625 0.0796875
5 0.41640625 0.66953125 0.01875 0.02734375
5 0.52578125 0.646875 0.0171875 0.028125
5 0.5953125 0.8625 0.05 0.0703125
5 0.21171875 0.7125 0.021875 0.02578125
5 0.43359375 0.746875 0.034375 0.04609375
5 0.2921875 0.88671875 0.05859375 0.07578125
5 0.3734375 0.6578125 0.015625 0.02265625
5 0.26640625 0.96015625 0.06953125 0.078125
5 0.36328125 0.98515625 0.0671875 0.02890625
5 0.51484375 0.6234375 0.01171875 0.01796875
5 0.43515625 0.7171875 0.0234375 0.015625
5 0.54765625 0.60703125 0.01015625 0.01328125
5 0.34140625 0.62421875 0.01015625 0.015625
5 0.9859375 0.73359375 0.02734375 0.03671875
5 0.140625 0.7640625 0.03125 0.03671875
5 0.43125 0.6546875 0.01484375 0.02109375
5 0.53984375 0.62734375 0.0125 0.01640625
5 0.4640625 0.62890625 0.0125 0.01328125
5 0.3875 0.646875 0.01328125 0.01875
5 0.4125 0.6390625 0.0125 0.021875
5 0.56328125 0.646875 0.0140625 0.01640625
5 0.40625 0.8125 0.04453125 0.059375
5 0.1609375 0.74296875 0.028125 0.034375
5 0.45234375 0.67890625 0.0203125 0.0265625
5 0.56171875 0.66171875 0.01640625 0.02578125
16 0.2375 0.82109375 0.08515625 0.14296875