5 0.25078125 0.69453125 0.034375 0.04375
5 0.55234375 0.653125 0.0296875 0.03359375
5 0.31171875 0.615625 0.02578125 0.03046875
5 0.64140625 0.68828125 0.03515625 0.03984375
5 0.17421875 0.9265625 0.0765625 0.0921875
5 0.88828125 0.87734375 0.075 0.07578125
5 0.38359375 0.5765625 0.02265625 0.02734375
5 0.6859375 0.75859375 0.04296875 0.0515625
5 0.68203125 0.66484375 0.03203125 0.0390625
5 0.3390625 0.5953125 0.021875 0.0265625
5 0.084375 0.865625 0.06484375 0.071875
5 0.4265625 0.56484375 0.01796875 0.01953125
5 0.578125 0.60703125 0.02265625 0.02734375
5 0.43203125 0.53984375 0.01640625 0.01640625
5 0.41015625 0.5328125 0.0140625 0.01796875
5 0.52421875 0.56796875 0.01796875 0.021875
5 0.39453125 0.5578125 0.01484375 0.01953125
5 0.5140625 0.5359375 0.01484375 0.01640625
5 0.525 0.5484375 0.0171875 0.02109375
5 0.55625 0.52578125 0.01171875 0.01484375
5 0.51171875 0.49375 0.0078125 0.01015625
5 0.53359375 0.5 0.009375 0.01640625
5 0.49609375 0.49296875 0.00859375 0.01015625
5 0.4234375 0.46796875 0.00859375 0.0109375
5 0.5296875 0.521875 0.01171875 0.0140625
5 0.49296875 0.4703125 0.00703125 0.01015625
5 0.39921875 0.51328125 0.0125 0.01484375
16 0.3265625 0.51015625 0.03046875 0.04765625
0 0.06796875 0.53515625 0.08359375 0.134375