4 0.1765625 0.815625 0.16796875 0.3625
4 0.3265625 0.571875 0.09140625 0.1921875
8 0.40546875 0.87890625 0.1125 0.240625
5 0.5203125 0.56484375 0.03359375 0.05546875
5 0.26953125 0.590625 0.0265625 0.059375
5 0.66328125 0.7265625 0.06328125 0.103125
5 0.3765625 0.7546875 0.06484375 0.11171875
5 0.44296875 0.471875 0.01953125 0.0296875
5 0.440625 0.51953125 0.02578125 0.040625
5 0.415625 0.49609375 0.0234375 0.03828125
5 0.42734375 0.64453125 0.04921875 0.08671875
5 0.5578125 0.4671875 0.01953125 0.03125
5 0.5234375 0.45859375 0.01875 0.02734375
5 0.50625 0.4984375 0.021875 0.03828125
5 0.4390625 0.578125 0.034375 0.0546875
5 0.5171875 0.5171875 0.02578125 0.0484375
5 0.69375 0.44609375 0.01953125 0.0234375
5 0.44765625 0.42421875 0.01328125 0.01953125
5 0.68203125 0.43046875 0.0171875 0.01953125
5 0.50078125 0.47265625 0.01875 0.0328125
5 0.58203125 0.4875 0.0265625 0.0359375
5 0.49140625 0.43671875 0.0140625 0.0234375
5 0.4359375 0.4171875 0.0125 0.02109375
10 0.16171875 0.6234375 0.01171875 0.071875
10 0.4296875 0.9625 0.03359375 0.06640625
10 0.13828125 0.62109375 0.01484375 0.0734375
10 0.98046875 0.421875 0.0171875 0.1015625
10 0.95859375 0.421875 0.01953125 0.10625
10 0.1453125 0.66015625 0.01875 0.0796875