5 0.2046875 0.63828125 0.03359375 0.025
5 0.271875 0.63515625 0.034375 0.02421875
5 0.3828125 0.6859375 0.04140625 0.028125
5 0.290625 0.59921875 0.0296875 0.01796875
5 0.4078125 0.6046875 0.02890625 0.0203125
5 0.17890625 0.6125 0.03359375 0.02109375
5 0.453125 0.60234375 0.02890625 0.02109375
5 0.453125 0.671875 0.04765625 0.03359375
5 0.25625 0.5921875 0.0265625 0.0171875
5 0.43125 0.55625 0.01953125 0.0125
5 0.328125 0.5703125 0.02265625 0.0140625
5 0.14765625 0.940625 0.09921875 0.08203125
5 0.2765625 0.559375 0.0203125 0.01171875
5 0.359375 0.9890625 0.09296875 0.021875
5 0.290625 0.5671875 0.02109375 0.0140625
5 0.41484375 0.57421875 0.021875 0.015625
5 0.315625 0.540625 0.015625 0.0109375
5 0.384375 0.56640625 0.0203125 0.01484375
5 0.42265625 0.52421875 0.01484375 0.0140625
5 0.49140625 0.71484375 0.059375 0.03828125
5 0.4515625 0.5203125 0.0125 0.0078125
5 0.3421875 0.55703125 0.02109375 0.0125
5 0.359375 0.53046875 0.01328125 0.01015625
5 0.3625 0.59140625 0.025 0.015625
5 0.35625 0.546875 0.01875 0.01171875
10 0.0390625 0.62890625 0.01328125 0.02734375
10 0.09609375 0.58125 0.01015625 0.01953125