1 0.16484375 0.1390625 0.0640625 0.1109375
5 0.415625 0.665625 0.171875 0.29140625
3 0.8609375 0.4125 0.05 0.05859375
4 0.53359375 0.278125 0.2203125 0.2390625
13 0.7875 0.834375 0.184375 0.29140625
5 0.96015625 0.8875 0.0765625 0.21953125
9 0.35 0.24296875 0.021875 0.053125
9 0.140625 0.70390625 0.06875 0.11953125
10 0.64609375 0.284375 0.0140625 0.08046875
10 0.978125 0.38203125 0.028125 0.09140625
10 0.73671875 0.28046875 0.0203125 0.078125
10 0.825 0.3734375 0.025 0.096875
13 0.91015625 0.559375 0.1234375 0.19140625