5 0.453125 0.7359375 0.20078125 0.109375
5 0.11796875 0.54453125 0.1328125 0.06953125
5 0.4046875 0.55390625 0.12734375 0.06640625
5 0.93359375 0.89609375 0.13203125 0.1453125
5 0.646875 0.590625 0.13984375 0.07578125
5 0.1796875 0.4578125 0.09765625 0.05078125
5 0.57578125 0.375 0.0625 0.03203125
5 0.46796875 0.34765625 0.059375 0.03125
5 0.34140625 0.39765625 0.071875 0.0375
5 0.35078125 0.465625 0.09609375 0.053125
5 0.42265625 0.36171875 0.0625 0.0375
5 0.3125 0.33046875 0.05078125 0.0265625
5 0.5625 0.3125 0.046875 0.025
5 0.9640625 0.55234375 0.07109375 0.07265625
5 0.38671875 0.29140625 0.040625 0.02265625
5 0.61875 0.35 0.05390625 0.02890625
5 0.35078125 0.3421875 0.0546875 0.03125
5 0.28125 0.24140625 0.02890625 0.015625
5 0.30546875 0.29296875 0.0453125 0.028125
5 0.24765625 0.27265625 0.0421875 0.02421875
5 0.48359375 0.415625 0.078125 0.04296875
5 0.3390625 0.25390625 0.0359375 0.01796875
5 0.43515625 0.26171875 0.03359375 0.02109375
5 0.37265625 0.265625 0.03359375 0.01796875
5 0.39296875 0.2765625 0.0359375 0.02265625
5 0.765625 0.4953125 0.10546875 0.05625
5 0.221875 0.36484375 0.06328125 0.034375