1 0.78359375 0.24921875 0.209375 0.10546875
1 0.52265625 0.234375 0.1171875 0.0625
5 0.92890625 0.5046875 0.13984375 0.1203125
5 0.5265625 0.51171875 0.096875 0.090625
5 0.69453125 0.60859375 0.25859375 0.25078125
5 0.4265625 0.50546875 0.07734375 0.0828125
5 0.34921875 0.49140625 0.0609375 0.0625
5 0.26875 0.48046875 0.04140625 0.0421875
5 0.83984375 0.48203125 0.05546875 0.05234375
5 0.675 0.47109375 0.0359375 0.02890625
5 0.71484375 0.46640625 0.04765625 0.02265625
5 0.390625 0.48515625 0.03828125 0.0515625
5 0.3046875 0.45625 0.02890625 0.03359375
5 0.47578125 0.49296875 0.03828125 0.0578125
5 0.7671875 0.5421875 0.140625 0.15390625
9 0.2296875 0.4953125 0.02734375 0.05546875
9 0.8296875 0.49453125 0.02265625 0.0359375
10 0.83125 0.48046875 0.01875 0.0609375
10 0.4125 0.35703125 0.03203125 0.046875
10 0.4109375 0.290625 0.03125 0.0453125
10 0.725 0.5390625 0.06171875 0.0546875
10 0.153125 0.465625 0.0140625 0.053125