5 0.390625 0.690625 0.05 0.03359375
5 0.56796875 0.690625 0.05078125 0.0265625
5 0.54375 0.6140625 0.034375 0.01796875
5 0.55546875 0.640625 0.04453125 0.02578125
5 0.371875 0.7640625 0.06328125 0.0375
5 0.4125 0.64140625 0.04375 0.0265625
5 0.3375 0.82421875 0.09765625 0.05859375
5 0.484375 0.61796875 0.03671875 0.015625
5 0.5421875 0.58125 0.0296875 0.01640625
5 0.44453125 0.55234375 0.02578125 0.01328125
5 0.48125 0.8125 0.07578125 0.04140625
5 0.4375 0.56875 0.028125 0.0171875
5 0.52265625 0.53828125 0.021875 0.0140625
5 0.621875 0.84921875 0.0875 0.05703125
5 0.43203125 0.5921875 0.03046875 0.0171875
5 0.53046875 0.565625 0.02578125 0.01328125
5 0.48828125 0.578125 0.0296875 0.01484375
5 0.5171875 0.51328125 0.0203125 0.0109375
5 0.571875 0.7421875 0.07421875 0.04375
5 0.48125 0.68515625 0.04765625 0.028125
5 0.48984375 0.5609375 0.02578125 0.01484375
5 0.45390625 0.52734375 0.0203125 0.0140625
5 0.5296875 0.55234375 0.02421875 0.01328125
5 0.48671875 0.54921875 0.02421875 0.015625
5 0.49140625 0.51171875 0.01640625 0.01015625
5 0.48828125 0.52421875 0.01796875 0.009375
5 0.4875 0.5375 0.02109375 0.0125