5 0.41484375 0.69609375 0.0859375 0.1203125
5 0.346875 0.6796875 0.09375 0.1140625
5 0.52578125 0.7578125 0.08125 0.1546875
5 0.33046875 0.92734375 0.16328125 0.14375
5 0.42890625 0.4984375 0.04765625 0.05546875
5 0.39140625 0.5796875 0.06796875 0.07890625
5 0.50390625 0.41796875 0.0296875 0.0359375
5 0.53359375 0.61171875 0.05546875 0.08828125
5 0.49296875 0.93671875 0.11953125 0.12578125
5 0.59765625 0.50859375 0.04609375 0.05703125
5 0.584375 0.45390625 0.034375 0.04453125
5 0.51484375 0.37890625 0.0203125 0.02578125
5 0.48046875 0.50859375 0.04296875 0.05703125
5 0.6484375 0.71640625 0.08828125 0.1453125
5 0.471875 0.4078125 0.02734375 0.03203125
5 0.4625 0.571875 0.05703125 0.07734375
5 0.5390625 0.465625 0.034375 0.0578125
5 0.58046875 0.39453125 0.0234375 0.03125
5 0.62578125 0.5921875 0.06328125 0.09453125
5 0.43515625 0.403125 0.0265625 0.03515625
5 0.6953125 0.97734375 0.11015625 0.04375
5 0.58984375 0.41796875 0.0265625 0.0390625
5 0.54453125 0.39921875 0.0234375 0.03203125
5 0.57578125 0.36171875 0.01796875 0.025
5 0.54140625 0.4296875 0.0296875 0.0375
5 0.54609375 0.5203125 0.04296875 0.06328125
5 0.5234375 0.34609375 0.015625 0.0203125
10 0.2390625 0.62890625 0.02109375 0.0796875
10 0.50859375 0.5421875 0.0171875 0.05
10 0.49609375 0.57734375 0.01953125 0.06015625
10 0.2859375 0.7546875 0.0328125 0.08359375
10 0.3390625 0.4625 0.0125 0.03046875