4 0.4015625 0.7 0.21171875 0.57578125
5 0.290625 0.60625 0.121875 0.14375
5 0.7328125 0.48984375 0.10390625 0.09453125
5 0.12578125 0.59609375 0.1578125 0.159375
5 0.2109375 0.43359375 0.09296875 0.0890625
5 0.23359375 0.86484375 0.1484375 0.26875
5 0.04453125 0.73984375 0.0890625 0.15390625
5 0.67890625 0.68671875 0.125 0.1734375
5 0.4 0.45 0.06484375 0.0828125
5 0.6625 0.496875 0.09453125 0.0984375
5 0.771875 0.64765625 0.1390625 0.15
5 0.5875 0.4234375 0.0515625 0.075
5 0.8515625 0.60859375 0.1515625 0.13046875
5 0.61328125 0.53515625 0.0890625 0.1109375
5 0.23984375 0.47578125 0.1 0.1109375
5 0.51484375 0.23671875 0.0265625 0.02734375
5 0.328125 0.3859375 0.06953125 0.07421875
5 0.1609375 0.35078125 0.10703125 0.0671875
5 0.4390625 0.3375 0.04765625 0.0546875
5 0.046875 0.534375 0.09296875 0.1125
5 0.4921875 0.26875 0.0328125 0.0359375
5 0.23125 0.31796875 0.04453125 0.05
5 0.70390625 0.9328125 0.11796875 0.1328125
5 0.5609375 0.2484375 0.0234375 0.03359375
5 0.62734375 0.38203125 0.05390625 0.06484375
5 0.46953125 0.36484375 0.05 0.06171875
5 0.096875 0.8984375 0.19296875 0.20078125
5 0.06953125 0.57109375 0.1390625 0.13984375
5 0.465625 0.30390625 0.0359375 0.04375
5 0.6 0.23046875 0.02265625 0.03125
5 0.15234375 0.42890625 0.07421875 0.08828125
5 0.28984375 0.36953125 0.0640625 0.0640625
5 0.37890625 0.3234375 0.046875 0.0609375
5 0.5703125 0.23125 0.0203125 0.02890625
5 0.5765625 0.36484375 0.04140625 0.05625
5 0.56015625 0.57109375 0.08515625 0.13515625
5 0.57421875 0.8359375 0.10625 0.2359375
5 0.434375 0.271875 0.034375 0.0421875
5 0.328125 0.32265625 0.05625 0.05625
5 0.52578125 0.4828125 0.04921875 0.096875
5 0.965625 0.4796875 0.0671875 0.0609375
5 0.87578125 0.40703125 0.0625 0.07109375
5 0.8234375 0.3875 0.0453125 0.06484375
5 0.96875 0.4265625 0.0546875 0.0546875
5 0.0234375 0.44453125 0.046875 0.0796875
5 0.990625 0.65078125 0.01796875 0.06953125
10 0.9640625 0.54765625 0.0234375 0.08984375
10 0.840625 0.0578125 0.04296875 0.075
10 0.85546875 0.4921875 0.02890625 0.078125
10 0.490625 0.80234375 0.0265625 0.1484375
10 0.878125 0.45703125 0.02265625 0.071875
10 0.0625 0.3359375 0.01328125 0.053125
10 0.6640625 0.52734375 0.01875 0.084375
10 0.01796875 0.39921875 0.0171875 0.046875
10 0.83828125 0.47421875 0.0234375 0.0765625
10 0.0515625 0.34609375 0.0171875 0.04296875
10 0.03359375 0.346875 0.0140625 0.04765625
10 0.97265625 0.475 0.03203125 0.0765625
10 0.90625 0.48515625 0.0234375 0.075
10 0.79453125 0.4703125 0.01875 0.08359375
10 0.8171875 0.46953125 0.02578125 0.07890625