15 0.8078125 0.44609375 0.0375 0.02734375
5 0.371875 0.5953125 0.06640625 0.03515625
5 0.41015625 0.5 0.02890625 0.015625
5 0.325 0.5328125 0.0390625 0.01953125
5 0.459375 0.53125 0.0390625 0.01953125
5 0.94765625 0.5453125 0.046875 0.02109375
5 0.0296875 0.56171875 0.059375 0.03046875
5 0.7625 0.51875 0.03203125 0.015625
5 0.95390625 0.5765625 0.0640625 0.028125
5 0.40234375 0.48203125 0.0171875 0.0078125
5 0.465625 0.471875 0.01484375 0.00703125
5 0.48515625 0.47109375 0.01484375 0.0078125
5 0.6484375 0.4734375 0.0125 0.00625
5 0.740625 0.484375 0.01796875 0.009375