4 0.0375 0.715625 0.075 0.0453125
5 0.17890625 0.9484375 0.16796875 0.10234375
5 0.32734375 0.70546875 0.0375 0.01640625
5 0.20390625 0.8046875 0.09140625 0.04296875
5 0.6046875 0.73828125 0.0484375 0.02265625
5 0.36015625 0.7203125 0.0390625 0.0203125
5 0.43203125 0.70078125 0.03203125 0.0171875
5 0.6859375 0.73671875 0.05625 0.021875
5 0.3875 0.6640625 0.02109375 0.01015625
5 0.7828125 0.78359375 0.0765625 0.0359375
5 0.5453125 0.74765625 0.0546875 0.02734375
5 0.5203125 0.70390625 0.03046875 0.015625
5 0.51015625 0.6875 0.02890625 0.0125
5 0.60390625 0.6921875 0.03125 0.01328125
5 0.559375 0.809375 0.08125 0.04140625
5 0.58046875 0.71796875 0.0359375 0.0171875
5 0.66328125 0.778125 0.06640625 0.0296875
5 0.74140625 0.8359375 0.103125 0.04609375
5 0.86796875 0.96796875 0.19296875 0.0640625
5 0.55078125 0.6734375 0.02578125 0.01171875
5 0.765625 0.6953125 0.03203125 0.01328125
5 0.55234375 0.6890625 0.02890625 0.0125
5 0.5765625 0.70078125 0.03203125 0.01640625
5 0.91328125 0.84765625 0.1296875 0.0484375
5 0.38984375 0.77109375 0.05703125 0.04140625
5 0.56953125 0.6640625 0.021875 0.009375
5 0.28828125 0.68125 0.021875 0.0109375
5 0.42265625 0.63984375 0.01328125 0.00546875
5 0.4328125 0.65 0.01796875 0.00703125
5 0.534375 0.65546875 0.01953125 0.00859375
5 0.7953125 0.690625 0.028125 0.01015625
5 0.55390625 0.65 0.01484375 0.00625
5 0.70546875 0.6765625 0.01640625 0.0078125
5 0.68984375 0.68984375 0.02890625 0.0140625
5 0.41796875 0.665625 0.021875 0.009375
5 0.5125 0.665625 0.02109375 0.01015625