5 0.07265625 0.79765625 0.11484375 0.078125
5 0.38125 0.6828125 0.0375 0.0515625
5 0.54921875 0.7359375 0.04140625 0.05390625
5 0.44296875 0.6796875 0.03203125 0.040625
5 0.30390625 0.64296875 0.02890625 0.03125
5 0.3515625 0.6390625 0.02890625 0.03125
5 0.31015625 0.6921875 0.0421875 0.05625
5 0.5609375 0.65859375 0.03125 0.0328125
5 0.77109375 0.734375 0.05703125 0.05234375
5 0.39375 0.60625 0.0203125 0.03125
5 0.2234375 0.78203125 0.06953125 0.07265625
5 0.90390625 0.8234375 0.12734375 0.07578125
5 0.83515625 0.87421875 0.15546875 0.10078125
5 0.609375 0.66796875 0.03671875 0.03515625
5 0.57109375 0.6203125 0.02890625 0.02734375
5 0.4984375 0.63046875 0.0234375 0.02578125
8 0.50625 0.6671875 0.0375 0.0484375
5 0.678125 0.68515625 0.0484375 0.0390625
5 0.5390625 0.63046875 0.02421875 0.02578125
5 0.6828125 0.65390625 0.0359375 0.0296875
5 0.65078125 0.6328125 0.03046875 0.02578125
5 0.61171875 0.6359375 0.0265625 0.03046875
5 0.334375 0.6 0.021875 0.021875
5 0.6453125 0.740625 0.0484375 0.06171875
5 0.3796875 0.58046875 0.01640625 0.01953125
5 0.45625 0.6 0.0203125 0.0234375
5 0.44921875 0.584375 0.015625 0.01640625
5 0.5515625 0.59921875 0.0171875 0.0203125
5 0.36328125 0.575 0.01640625 0.015625
5 0.41171875 0.5796875 0.01640625 0.02265625
5 0.38671875 0.5625 0.01328125 0.01328125
5 0.32890625 0.77890625 0.059375 0.08203125
5 0.53046875 0.60859375 0.0203125 0.01953125
5 0.49453125 0.5984375 0.01796875 0.02265625
9 0.12890625 0.690625 0.01796875 0.03671875
10 0.96484375 0.78203125 0.01640625 0.0578125
10 0.99453125 0.79765625 0.0109375 0.05703125
10 0.97890625 0.7921875 0.01171875 0.05078125