12 0.61015625 0.74765625 0.77578125 0.496875
5 0.153125 0.72109375 0.30546875 0.55
3 0.47734375 0.728125 0.275 0.29453125
4 0.53125 0.3375 0.31484375 0.4828125
16 0.725 0.27109375 0.14921875 0.36640625
9 0.72421875 0.4734375 0.07578125 0.19453125
10 0.4625 0.60703125 0.11171875 0.46640625
10 0.72578125 0.3984375 0.07734375 0.24921875
10 0.9640625 0.40078125 0.0703125 0.2703125
10 0.92578125 0.26484375 0.021875 0.12890625
10 0.1296875 0.27578125 0.03828125 0.10234375
10 0.80703125 0.82734375 0.22734375 0.22734375