1 0.615625 0.40859375 0.0625 0.1359375
5 0.3703125 0.26484375 0.1125 0.2109375
11 0.846875 0.77578125 0.303125 0.4421875
5 0.03515625 0.86171875 0.0703125 0.2734375
13 0.55859375 0.190625 0.2484375 0.225
9 0.44296875 0.5703125 0.1734375 0.203125
10 0.7015625 0.54375 0.05625 0.246875
10 0.83125 0.4515625 0.046875 0.225
10 0.76640625 0.44296875 0.0640625 0.2546875
10 0.571875 0.85546875 0.128125 0.2859375
10 0.65390625 0.86328125 0.1046875 0.2703125
10 0.7671875 0.17734375 0.034375 0.1453125
10 0.73828125 0.18359375 0.0296875 0.1453125