15 0.1828125 0.453125 0.0390625 0.05078125
5 0.3078125 0.94375 0.08671875 0.10703125
5 0.18046875 0.9375 0.0796875 0.11953125
5 0.45234375 0.94375 0.08828125 0.10703125
5 0.03125 0.98203125 0.06171875 0.03046875
5 0.490625 0.7890625 0.0734375 0.08671875
5 0.06484375 0.88046875 0.0796875 0.096875
5 0.559375 0.8921875 0.103125 0.09921875
5 0.3859375 0.77890625 0.05859375 0.07109375
5 0.653125 0.98125 0.1125 0.0328125
0 0.42109375 0.66796875 0.0765625 0.11953125
0 0.2546875 0.5671875 0.0359375 0.096875