5 0.35390625 0.80546875 0.06015625 0.11015625
5 0.44765625 0.56015625 0.01953125 0.02734375
5 0.21328125 0.675 0.0671875 0.06640625
5 0.86796875 0.53671875 0.0359375 0.02421875
5 0.9515625 0.540625 0.0375 0.02734375
5 0.43125 0.521875 0.01640625 0.01953125
5 0.83828125 0.50703125 0.02578125 0.01953125
5 0.5375 0.52734375 0.01640625 0.01953125
5 0.55625 0.62109375 0.03125 0.046875
5 0.4640625 0.51484375 0.01328125 0.01484375
5 0.29765625 0.46171875 0.01328125 0.0125
5 0.22734375 0.73984375 0.08203125 0.09296875
0 0.35625 0.6234375 0.09453125 0.17421875
0 0.0890625 0.521875 0.175 0.103125
0 0.60078125 0.5859375 0.0640625 0.11796875