5 0.41875 0.94609375 0.1390625 0.103125
5 0.0203125 0.8921875 0.040625 0.11015625
5 0.58828125 0.96171875 0.134375 0.07265625
5 0.78984375 0.965625 0.12890625 0.0640625
15 0.46875 0.14609375 0.478125 0.2125
5 0.5484375 0.0234375 0.03125 0.02421875
5 0.4015625 0.6921875 0.08515625 0.08671875
5 0.096875 0.68671875 0.0953125 0.1140625
5 0.13046875 0.88671875 0.13203125 0.14921875
5 0.20390625 0.63984375 0.06796875 0.0875
5 0.5796875 0.81171875 0.12109375 0.0921875
5 0.71484375 0.65234375 0.0703125 0.08671875
5 0.5828125 0.625 0.0703125 0.10546875
5 0.7265625 0.83828125 0.0953125 0.12265625
5 0.85234375 0.61640625 0.0875 0.0859375
5 0.95390625 0.559375 0.065625 0.0734375
5 0.32421875 0.621875 0.10625 0.0828125