14 0.078125 0.403125 0.05234375 0.14453125
15 0.490625 0.30078125 0.13515625 0.21875
14 0.43359375 0.14375 0.04765625 0.1296875
14 0.60625 0.146875 0.04609375 0.13203125
14 0.78125 0.1546875 0.04921875 0.13203125
5 0.2609375 0.67890625 0.27578125 0.20078125
5 0.078125 0.68203125 0.15625 0.2140625
5 0.45234375 0.6703125 0.18984375 0.203125
10 0.790625 0.5609375 0.0296875 0.09765625
10 0.971875 0.5578125 0.01640625 0.07109375
10 0.8453125 0.5671875 0.034375 0.0953125
10 0.86953125 0.5671875 0.01953125 0.0953125
15 0.18125 0.24609375 0.23203125 0.29765625
15 0.66015625 0.39453125 0.0796875 0.14375