5 0.69140625 0.78046875 0.11796875 0.13515625
5 0.65078125 0.603125 0.08671875 0.103125
5 0.88984375 0.2734375 0.040625 0.04140625
5 0.28359375 0.68125 0.09609375 0.12265625
5 0.78125 0.51015625 0.06875 0.08828125
5 0.3765625 0.36484375 0.04375 0.05390625
5 0.71640625 0.94140625 0.1421875 0.1125
5 0.66015625 0.35625 0.04921875 0.05625
5 0.36171875 0.51015625 0.0734375 0.103125
5 0.62578125 0.453125 0.06171875 0.0734375
5 0.6140625 0.3109375 0.0390625 0.04921875
5 0.5171875 0.2890625 0.034375 0.04375
5 0.30625 0.21796875 0.03125 0.0390625
5 0.4484375 0.20234375 0.02421875 0.03203125
5 0.5734375 0.36640625 0.04921875 0.05625
5 0.603125 0.396875 0.05859375 0.0734375
5 0.30625 0.60546875 0.08671875 0.09296875
5 0.7828125 0.21953125 0.0328125 0.03671875
0 0.4875 0.63125 0.1484375 0.2625
16 0.8703125 0.6015625 0.09609375 0.14453125