15 0.62421875 0.31875 0.08515625 0.12734375
5 0.9125 0.8578125 0.12578125 0.12734375
5 0.7296875 0.72421875 0.103125 0.11015625
5 0.28515625 0.959375 0.1421875 0.07578125
5 0.58828125 0.959375 0.146875 0.07578125
5 0.73828125 0.86875 0.12734375 0.14453125
5 0.621875 0.78828125 0.1125 0.125
5 0.87265625 0.971875 0.1734375 0.0515625
5 0.6578125 0.6546875 0.08671875 0.09296875
5 0.25234375 0.85546875 0.12890625 0.171875
5 0.17421875 0.6078125 0.0734375 0.08828125
5 0.57578125 0.71953125 0.09609375 0.10078125
5 0.109375 0.27109375 0.0328125 0.03203125
5 0.52734375 0.6546875 0.09296875 0.09765625
5 0.7578125 0.38515625 0.0390625 0.05390625
5 0.41875 0.74609375 0.1 0.1203125
5 0.30390625 0.57734375 0.06875 0.0859375
5 0.03984375 0.2890625 0.03125 0.034375
5 0.04921875 0.2671875 0.0328125 0.0390625
5 0.2 0.234375 0.02421875 0.02734375
5 0.16484375 0.2390625 0.02578125 0.02734375
5 0.1390625 0.5296875 0.065625 0.078125
5 0.4984375 0.521875 0.06171875 0.0640625
5 0.44921875 0.48125 0.05859375 0.0609375
5 0.47265625 0.82734375 0.10625 0.13515625
5 0.5015625 0.8578125 0.09453125 0.13203125
5 0.22578125 0.7546875 0.09453125 0.1125
5 0.2 0.67421875 0.08359375 0.1078125
5 0.5640625 0.58125 0.06875 0.078125
5 0.37578125 0.70859375 0.08515625 0.1078125
5 0.37734375 0.653125 0.08828125 0.07578125
5 0.32109375 0.6234375 0.0734375 0.0953125