5 0.5734375 0.86640625 0.09453125 0.11015625
5 0.309375 0.728125 0.0703125 0.078125
5 0.46953125 0.7453125 0.0734375 0.08359375
5 0.2265625 0.29375 0.02109375 0.0296875
5 0.815625 0.91796875 0.1078125 0.1296875
5 0.2453125 0.38828125 0.02578125 0.03203125
5 0.36171875 0.6078125 0.05390625 0.06875
5 0.66328125 0.9703125 0.12734375 0.05390625
5 0.2140625 0.43046875 0.0296875 0.03671875
5 0.88671875 0.54921875 0.05078125 0.05859375
15 0.28203125 0.209375 0.15234375 0.0390625
15 0.2296875 0.16640625 0.1109375 0.0375
8 0.9265625 0.82421875 0.12734375 0.1375
8 0.6796875 0.42734375 0.0484375 0.06171875