1 0.934375 0.42890625 0.04921875 0.0734375
5 0.41640625 0.54765625 0.1015625 0.0953125
5 0.28515625 0.60546875 0.115625 0.12734375
5 0.146875 0.79296875 0.140625 0.18359375
5 0.378125 0.4546875 0.0765625 0.0953125
5 0.8 0.3109375 0.05390625 0.05859375
5 0.51484375 0.51015625 0.08203125 0.09765625
5 0.16484375 0.6359375 0.140625 0.17421875
5 0.67265625 0.278125 0.04375 0.0515625
5 0.7046875 0.4984375 0.0765625 0.10546875
5 0.4484375 0.66328125 0.09296875 0.13984375
5 0.0578125 0.56484375 0.115625 0.125
5 0.315625 0.27578125 0.04609375 0.05625
5 0.3453125 0.68515625 0.13203125 0.19375
5 0.60078125 0.55546875 0.115625 0.1640625
5 0.77734375 0.284375 0.04765625 0.05390625
5 0.525 0.340625 0.03125 0.0640625
5 0.6375 0.33125 0.0359375 0.06875
5 0.57109375 0.4390625 0.0734375 0.08359375
5 0.221875 0.53671875 0.09453125 0.1125
5 0.7375 0.46953125 0.0734375 0.090625
5 0.0953125 0.67890625 0.05390625 0.1078125
5 0.69453125 0.3796875 0.05546875 0.0734375
5 0.3578125 0.2953125 0.04609375 0.06640625
5 0.66875 0.36640625 0.05078125 0.07109375
5 0.5109375 0.3234375 0.05078125 0.06875
5 0.43984375 0.390625 0.071875 0.090625
5 0.384375 0.3140625 0.04609375 0.05859375
5 0.4 0.3296875 0.0328125 0.0609375
9 0.49609375 0.46171875 0.034375 0.0609375
10 0.575 0.45078125 0.0421875 0.05390625
16 0.25078125 0.20703125 0.09609375 0.14921875
16 0.03984375 0.77578125 0.0796875 0.39453125
16 0.096875 0.4875 0.16484375 0.146875