1 0.753125 0.078125 0.08828125 0.15234375
1 0.5375 0.075 0.08828125 0.14921875
5 0.71328125 0.93125 0.16796875 0.13203125
5 0.659375 0.81875 0.1421875 0.1859375
5 0.415625 0.54140625 0.08359375 0.1125
5 0.346875 0.95625 0.18125 0.08359375
5 0.04296875 0.834375 0.0734375 0.1984375
5 0.33515625 0.90234375 0.140625 0.1125
5 0.42578125 0.6484375 0.12265625 0.13515625
5 0.659375 0.7171875 0.12578125 0.11484375
5 0.38046875 0.8515625 0.12734375 0.17421875
5 0.15390625 0.63515625 0.09765625 0.1421875
5 0.9125 0.765625 0.1359375 0.11015625
5 0.80390625 0.62734375 0.1015625 0.13203125