15 0.86328125 0.275 0.1359375 0.19765625
5 0.8109375 0.69921875 0.115625 0.1265625
5 0.51640625 0.92109375 0.140625 0.153125
5 0.22421875 0.92578125 0.15 0.14375
5 0.75703125 0.9046875 0.1484375 0.165625
5 0.675 0.8109375 0.11796875 0.1359375
5 0.1953125 0.15859375 0.04765625 0.04921875
5 0.0296875 0.17421875 0.04609375 0.05234375
5 0.615625 0.73671875 0.09453125 0.1359375
5 0.87890625 0.946875 0.16015625 0.1015625
5 0.6390625 0.5609375 0.08515625 0.10625
5 0.23671875 0.8640625 0.14375 0.18828125
5 0.47578125 0.36484375 0.05546875 0.071875
5 0.603125 0.5125 0.08515625 0.1140625
5 0.14375 0.15 0.0390625 0.046875
5 0.2859375 0.571875 0.08203125 0.10390625
5 0.4984375 0.5421875 0.075 0.07890625
5 0.31796875 0.52734375 0.0640625 0.04921875
5 0.22109375 0.1125 0.034375 0.03203125
5 0.3046875 0.09921875 0.0375 0.034375
16 0.2640625 0.4109375 0.15234375 0.296875
16 0.396875 0.32890625 0.1078125 0.2421875
16 0.646875 0.06328125 0.06171875 0.0765625
0 0.45625 0.7265625 0.26484375 0.4625