5 0.7828125 0.1609375 0.02265625 0.025
5 0.37734375 0.32265625 0.02578125 0.0375
5 0.75546875 0.365625 0.028125 0.0328125
5 0.06328125 0.615625 0.0640625 0.0703125
5 0.81484375 0.340625 0.028125 0.0328125
5 0.7265625 0.4359375 0.03125 0.0375
5 0.5453125 0.0328125 0.01796875 0.025
5 0.77265625 0.24375 0.02578125 0.03046875
5 0.77578125 0.196875 0.02265625 0.0328125
5 0.50625 0.2125 0.02265625 0.0328125
5 0.45390625 0.315625 0.0296875 0.0328125
5 0.80625 0.3828125 0.028125 0.0375
5 0.75546875 0.28515625 0.028125 0.0328125
5 0.5140625 0.19453125 0.02421875 0.02734375
16 0.68125 0.621875 0.1375 0.2484375
16 0.5 0.58203125 0.27109375 0.51015625
16 0.30546875 0.571875 0.18984375 0.4046875
16 0.5078125 0.0765625 0.0390625 0.0828125
16 0.790625 0.46484375 0.08515625 0.13046875
16 0.56640625 0.06875 0.03125 0.06796875