15 0.38203125 0.53515625 0.06875 0.08125
15 0.45 0.53515625 0.0640625 0.04140625
12 0.30546875 0.85078125 0.06875 0.08828125
5 0.33671875 0.6875 0.02578125 0.03203125
5 0.15703125 0.87265625 0.075 0.078125
5 0.1703125 0.77578125 0.04921875 0.0515625
5 0.40234375 0.665625 0.02265625 0.02734375
5 0.2265625 0.7265625 0.0375 0.04140625
5 0.28125 0.7453125 0.0390625 0.04375
5 0.28203125 0.68984375 0.028125 0.03203125
5 0.36953125 0.6546875 0.01953125 0.02421875
5 0.26328125 0.81875 0.05546875 0.0640625
5 0.44921875 0.64921875 0.01640625 0.01953125
5 0.0765625 0.6421875 0.01953125 0.01953125
5 0.3796875 0.640625 0.01796875 0.021875
5 0.25703125 0.77109375 0.04375 0.0515625
5 0.421875 0.6375 0.01640625 0.01953125
5 0.125 0.6484375 0.01796875 0.021875