5 0.41640625 0.575 0.0359375 0.0453125
5 0.76796875 0.74609375 0.06875 0.08515625
5 0.63828125 0.54609375 0.028125 0.0375
5 0.40546875 0.75859375 0.06875 0.08515625
5 0.67734375 0.6328125 0.04765625 0.06015625
5 0.3578125 0.64453125 0.04921875 0.06796875
5 0.53671875 0.53984375 0.028125 0.03515625
5 0.34609375 0.4921875 0.01953125 0.03046875
5 0.59765625 0.54765625 0.0296875 0.03984375
16 0.15 0.7453125 0.15703125 0.29375
16 0.296875 0.55 0.0703125 0.1609375
4 0.56875 0.47578125 0.0421875 0.04453125