4 0.68515625 0.784375 0.2140625 0.42578125
5 0.25234375 0.9109375 0.13203125 0.17109375
5 0.45390625 0.93203125 0.140625 0.13046875
5 0.34765625 0.76171875 0.0953125 0.14453125
5 0.384375 0.6703125 0.0765625 0.11640625
5 0.4234375 0.60703125 0.07890625 0.11953125
5 0.50078125 0.8140625 0.09609375 0.184375
5 0.078125 0.709375 0.0796875 0.12734375
5 0.1734375 0.61171875 0.07109375 0.1484375
5 0.2515625 0.52421875 0.0890625 0.11640625
5 0.32421875 0.475 0.06640625 0.0921875
5 0.53203125 0.41796875 0.07578125 0.08671875
5 0.60546875 0.53046875 0.06328125 0.09140625
5 0.9078125 0.834375 0.12421875 0.14375