5 0.32421875 0.94609375 0.10625 0.103125
5 0.125 0.95390625 0.12265625 0.08828125
5 0.97890625 0.934375 0.0390625 0.12578125
5 0.87578125 0.96015625 0.15 0.075
5 0.64375 0.92578125 0.09453125 0.128125
5 0.89609375 0.69453125 0.06015625 0.06796875
9 0.81171875 0.76484375 0.0296875 0.0578125
0 0.80078125 0.63828125 0.140625 0.22578125
5 0.36171875 0.79921875 0.0859375 0.1015625
5 0.09453125 0.8 0.078125 0.12890625
5 0.246875 0.6359375 0.0375 0.06953125
5 0.28046875 0.58125 0.0296875 0.07421875
5 0.4015625 0.7 0.053125 0.1
5 0.6140625 0.72578125 0.065625 0.0859375