5 0.2484375 0.64453125 0.140625 0.1421875
5 0.6921875 0.86484375 0.1359375 0.22578125
5 0.91640625 0.58359375 0.09453125 0.13203125
5 0.76328125 0.60078125 0.09140625 0.13203125
5 0.23203125 0.8453125 0.19296875 0.2109375
5 0.64375 0.50703125 0.078125 0.1078125
5 0.77890625 0.41796875 0.06015625 0.0859375
5 0.0453125 0.2828125 0.05703125 0.05625
5 0.50078125 0.49296875 0.09296875 0.13203125
5 0.69765625 0.37109375 0.05234375 0.07109375
5 0.02421875 0.421875 0.0484375 0.075
5 0.021875 0.353125 0.04375 0.0640625
5 0.421875 0.86171875 0.16640625 0.2375
16 0.5703125 0.2390625 0.065625 0.1640625