1 0.30625 0.1421875 0.04375 0.0390625
3 0.3234375 0.5046875 0.01953125 0.04375
4 0.38046875 0.2625 0.0390625 0.078125
5 0.23671875 0.77109375 0.13046875 0.14921875
5 0.1953125 0.6359375 0.103125 0.11484375
5 0.89453125 0.47578125 0.0703125 0.08359375
5 0.42890625 0.54375 0.05703125 0.09296875
5 0.58203125 0.409375 0.0359375 0.06875
5 0.62734375 0.80234375 0.1140625 0.1984375
9 0.95078125 0.47265625 0.02265625 0.04921875
9 0.1546875 0.44609375 0.02109375 0.04921875
9 0.59609375 0.6421875 0.0328125 0.08828125
9 0.83125 0.41015625 0.01796875 0.03671875
10 0.3234375 0.4875 0.02265625 0.06875
10 0.22109375 0.32265625 0.01171875 0.03671875
10 0.246875 0.359375 0.01640625 0.03671875
10 0.596875 0.609375 0.03125 0.090625
10 0.94765625 0.45703125 0.01640625 0.0515625