14 0.20859375 0.09296875 0.01171875 0.034375
14 0.228125 0.08125 0.01171875 0.0296875
14 0.4546875 0.0796875 0.01171875 0.03671875
5 0.23125 0.8125 0.15234375 0.21796875
5 0.28125 0.58359375 0.1109375 0.15703125
5 0.0484375 0.853125 0.09609375 0.23515625
5 0.646875 0.75859375 0.16015625 0.21796875
5 0.07578125 0.63984375 0.1453125 0.16640625
5 0.45 0.60390625 0.1125 0.1640625
5 0.6046875 0.546875 0.11796875 0.15234375
5 0.1859375 0.3765625 0.078125 0.090625
5 0.72890625 0.9328125 0.19296875 0.1296875
5 0.44765625 0.45234375 0.08515625 0.11484375
5 0.76171875 0.54921875 0.12421875 0.146875
5 0.44453125 0.86796875 0.16328125 0.26015625
5 0.9625 0.278125 0.05859375 0.07578125
5 0.14140625 0.48515625 0.109375 0.12734375
5 0.9625 0.94609375 0.071875 0.103125
5 0.58203125 0.4140625 0.075 0.103125
5 0.30078125 0.42265625 0.08515625 0.125
5 0.49453125 0.2828125 0.0734375 0.07578125
5 0.7171875 0.4265625 0.09140625 0.11796875
5 0.4578125 0.346875 0.075 0.0953125
5 0.33203125 0.221875 0.05234375 0.0609375
5 0.31171875 0.26875 0.05859375 0.0609375
5 0.61171875 0.23984375 0.0640625 0.0734375
5 0.55390625 0.20078125 0.06171875 0.05859375
5 0.74296875 0.18515625 0.05703125 0.06640625
5 0.878125 0.7375 0.19765625 0.23046875
5 0.1734375 0.98046875 0.15390625 0.034375
5 0.3109375 0.33125 0.0671875 0.08359375
5 0.8328125 0.15234375 0.04765625 0.04375
5 0.56171875 0.3359375 0.071875 0.09296875
5 0.690625 0.3515625 0.0703125 0.0953125
5 0.63828125 0.16328125 0.05390625 0.0515625
5 0.6578125 0.19765625 0.06015625 0.0609375
5 0.52890625 0.22890625 0.05703125 0.05625
5 0.69765625 0.2796875 0.05859375 0.078125
5 0.22734375 0.3 0.06171875 0.07578125
5 0.9890625 0.21328125 0.01796875 0.0390625