5 0.69765625 0.8296875 0.225 0.16640625
5 0.54921875 0.60234375 0.14375 0.10625
5 0.5296875 0.44609375 0.09921875 0.06875
5 0.2375 0.7359375 0.2203125 0.171875
5 0.2296875 0.36328125 0.0828125 0.05703125
5 0.315625 0.56328125 0.16171875 0.12890625
5 0.22734375 0.22734375 0.0265625 0.01640625
5 0.28203125 0.3078125 0.0546875 0.034375
5 0.05546875 0.58828125 0.1109375 0.1078125
5 0.17890625 0.2421875 0.03828125 0.02578125
5 0.13125 0.46015625 0.1375 0.09296875
5 0.36171875 0.41015625 0.07890625 0.04609375
5 0.33515625 0.45234375 0.1234375 0.09140625