5 0.3875 0.91796875 0.18984375 0.159375
5 0.13203125 0.64375 0.08828125 0.0859375
5 0.41015625 0.69140625 0.09453125 0.1078125
5 0.26328125 0.80390625 0.140625 0.1375
5 0.2203125 0.590625 0.078125 0.09765625
5 0.159375 0.90546875 0.31875 0.18359375
5 0.30859375 0.57265625 0.05859375 0.0609375
5 0.5328125 0.74765625 0.1109375 0.12265625
5 0.4578125 0.64921875 0.075 0.08828125
5 0.03203125 0.6234375 0.0640625 0.0953125
5 0.62890625 0.62265625 0.075 0.103125
5 0.478125 0.61640625 0.0640625 0.08125
5 0.45 0.84453125 0.16171875 0.20859375
5 0.74453125 0.63359375 0.08671875 0.10546875
5 0.7578125 0.7203125 0.1015625 0.12265625
5 0.06484375 0.5796875 0.04765625 0.0609375
16 0.63671875 0.546875 0.09296875 0.1859375
11 0.728125 0.87109375 0.19453125 0.25234375