5 0.4265625 0.83359375 0.12109375 0.19140625
13 0.46796875 0.92734375 0.10625 0.13984375
5 0.08828125 0.784375 0.146875 0.18125
5 0.4546875 0.63203125 0.1 0.1765625
5 0.31484375 0.965625 0.12265625 0.0640625
5 0.24921875 0.69140625 0.109375 0.19609375
5 0.37578125 0.53046875 0.09453125 0.16875
5 0.3671875 0.38359375 0.09296875 0.1296875
5 0.103125 0.09296875 0.075 0.09765625
5 0.27578125 0.040625 0.06171875 0.08125
5 0.08203125 0.90703125 0.14375 0.18125
5 0.7828125 0.35546875 0.09765625 0.1421875
5 0.2171875 0.271875 0.09453125 0.11796875
5 0.1 0.96953125 0.11796875 0.05625
5 0.2734375 0.59921875 0.109375 0.16875
5 0.21640625 0.18046875 0.0734375 0.090625
5 0.1140625 0.171875 0.08515625 0.09765625
5 0.38515625 0.31953125 0.08984375 0.11015625
5 0.3953125 0.234375 0.09140625 0.14453125
5 0.41171875 0.4390625 0.08515625 0.13203125
5 0.25234375 0.52578125 0.103125 0.14921875
5 0.2 0.1359375 0.0765625 0.10546875
5 0.1140625 0.4890625 0.1046875 0.159375
5 0.1046875 0.37890625 0.1015625 0.13515625
5 0.959375 0.60390625 0.078125 0.1984375
5 0.09765625 0.57734375 0.1140625 0.14453125
9 0.59609375 0.9671875 0.065625 0.0609375
9 0.33203125 0.7828125 0.05546875 0.10546875
10 0.51640625 0.58203125 0.0421875 0.1296875
10 0.759375 0.1890625 0.028125 0.0640625
10 0.46328125 0.521875 0.040625 0.05390625
10 0.20390625 0.95 0.05859375 0.0953125
10 0.33203125 0.74296875 0.05859375 0.12734375
10 0.6 0.9375 0.05859375 0.1203125