5 0.390625 0.75390625 0.09453125 0.1296875
5 0.5125 0.80390625 0.09296875 0.11796875
5 0.24296875 0.54375 0.05703125 0.05859375
5 0.69921875 0.7265625 0.08515625 0.10078125
5 0.0609375 0.63359375 0.0765625 0.08125
5 0.14453125 0.53515625 0.05703125 0.0609375
5 0.41875 0.42421875 0.034375 0.0390625
5 0.73046875 0.54375 0.05234375 0.05859375
5 0.4671875 0.6484375 0.06875 0.08125
5 0.85234375 0.41328125 0.034375 0.03671875
5 0.284375 0.4765625 0.0421875 0.0515625
5 0.87421875 0.334375 0.02578125 0.03203125
5 0.6921875 0.66171875 0.0703125 0.078125
5 0.05 0.5734375 0.0640625 0.06875