5 0.98203125 0.45859375 0.0328125 0.1046875
5 0.490625 0.203125 0.03125 0.03671875
5 0.1765625 0.42109375 0.05859375 0.06796875
5 0.94765625 0.42421875 0.08203125 0.08984375
5 0.45859375 0.19453125 0.028125 0.034375
5 0.4265625 0.18984375 0.02265625 0.02890625
16 0.51796875 0.7203125 0.22578125 0.4328125
16 0.58125 0.1984375 0.0734375 0.1046875
16 0.7 0.26640625 0.08671875 0.1484375
16 0.784375 0.2703125 0.08203125 0.14140625
16 0.2828125 0.65078125 0.20234375 0.46015625
16 0.14609375 0.24921875 0.0640625 0.1390625
16 0.33359375 0.4109375 0.1375 0.2625
16 0.24296875 0.28984375 0.0703125 0.11171875
16 0.11484375 0.1796875 0.03125 0.06328125
16 0.66328125 0.22890625 0.075 0.11640625
16 0.4203125 0.175 0.0390625 0.05859375