5 0.2453125 0.9484375 0.06171875 0.07421875
5 0.103125 0.96328125 0.08203125 0.06875
5 0.30859375 0.86953125 0.04609375 0.05390625
5 0.2671875 0.8375 0.040625 0.04921875
5 0.54375 0.84140625 0.0390625 0.046875
5 0.5671875 0.934375 0.05546875 0.06640625
5 0.646875 0.8890625 0.05234375 0.059375
5 0.5734375 0.98671875 0.05546875 0.021875
5 0.340625 0.81875 0.02421875 0.0515625
5 0.31875 0.7890625 0.0328125 0.0421875
5 0.6890625 0.9546875 0.06015625 0.06640625
5 0.21015625 0.87421875 0.05078125 0.0640625
5 0.63203125 0.85859375 0.0421875 0.0515625
5 0.159375 0.9078125 0.06015625 0.07109375
5 0.54921875 0.88671875 0.04609375 0.05390625
5 0.6 0.809375 0.0359375 0.046875
5 0.7140625 0.98125 0.06875 0.03203125