5 0.80859375 0.85625 0.30703125 0.28203125
5 0.69140625 0.7390625 0.23515625 0.31640625
5 0.240625 0.953125 0.2890625 0.08828125
5 0.03046875 0.76953125 0.06015625 0.27421875
5 0.75625 0.58203125 0.2125 0.2671875
5 0.26640625 0.7171875 0.221875 0.31640625
5 0.909375 0.40078125 0.15859375 0.203125
5 0.340625 0.825 0.26953125 0.3453125
5 0.46171875 0.18984375 0.1125 0.1640625
5 0.96875 0.13828125 0.05859375 0.1296875
5 0.384375 0.59296875 0.1734375 0.25
5 0.32421875 0.415625 0.1484375 0.21328125
5 0.0703125 0.41328125 0.140625 0.18359375
5 0.79765625 0.1859375 0.1140625 0.15234375
5 0.93125 0.28828125 0.134375 0.14453125
5 0.9703125 0.44453125 0.05546875 0.17890625
5 0.39609375 0.46953125 0.18828125 0.25703125
5 0.0734375 0.6265625 0.146875 0.2625
5 0.98359375 0.5515625 0.0296875 0.26015625
5 0.6921875 0.46953125 0.171875 0.24296875
5 0.36953125 0.29765625 0.14375 0.10078125
5 0.0640625 0.4875 0.12734375 0.1375
5 0.86953125 0.22421875 0.12421875 0.159375
5 0.678125 0.38359375 0.16328125 0.17421875
5 0.8953125 0.2671875 0.134375 0.15703125