4 0.47265625 0.69921875 0.0328125 0.059375
5 0.59453125 0.84609375 0.1671875 0.18984375
5 0.7859375 0.80859375 0.0984375 0.140625
5 0.1546875 0.8125 0.1328125 0.16015625
5 0.01875 0.81328125 0.0375 0.1234375
5 0.325 0.759375 0.05703125 0.0734375
5 0.46953125 0.7421875 0.03515625 0.046875
5 0.22578125 0.80078125 0.05078125 0.11875
5 0.65859375 0.74609375 0.0234375 0.03984375
5 0.9578125 0.875 0.08359375 0.2484375
5 0.403125 0.7421875 0.03984375 0.04453125
5 0.06484375 0.8015625 0.0796875 0.10859375
16 0.24453125 0.7328125 0.07265625 0.12890625