5 0.715625 0.67265625 0.0875 0.0390625
5 0.2828125 0.7578125 0.09765625 0.05625
5 0.50546875 0.90703125 0.16015625 0.10234375
5 0.28046875 0.69609375 0.0890625 0.04375
5 0.2375 0.65703125 0.07421875 0.0359375
5 0.93515625 0.7734375 0.128125 0.06953125
5 0.39296875 0.57578125 0.0484375 0.02265625
5 0.26015625 0.584375 0.05234375 0.028125
5 0.5828125 0.63359375 0.071875 0.03828125
5 0.3125 0.61796875 0.06875 0.03671875
5 0.35546875 0.5609375 0.040625 0.01953125
5 0.3703125 0.5953125 0.06875 0.0359375
5 0.3234375 0.54921875 0.0359375 0.01875
5 0.1796875 0.60078125 0.05078125 0.02734375
5 0.20546875 0.621875 0.07265625 0.040625
5 0.2796875 0.54140625 0.0359375 0.02109375
15 0.5703125 0.44453125 0.6125 0.17109375