5 0.86796875 0.3859375 0.025 0.0140625
5 0.725 0.48046875 0.02890625 0.01484375
5 0.77421875 0.43203125 0.02734375 0.0140625
5 0.509375 0.709375 0.08984375 0.0453125
5 0.22265625 0.44140625 0.03046875 0.015625
5 0.721875 0.58671875 0.0359375 0.0140625
5 0.36875 0.625 0.04375 0.0265625
5 0.3078125 0.58984375 0.01796875 0.01640625
5 0.73203125 0.35625 0.0203125 0.01171875
5 0.8296875 0.484375 0.03046875 0.0171875
5 0.3671875 0.44453125 0.0328125 0.01796875
5 0.08046875 0.640625 0.04765625 0.02265625
5 0.465625 0.4 0.02890625 0.015625
5 0.725 0.41484375 0.02421875 0.01484375
5 0.79375 0.309375 0.01796875 0.01015625
5 0.86640625 0.36875 0.021875 0.0125
5 0.81328125 0.39609375 0.02421875 0.0125
5 0.6625 0.69921875 0.078125 0.04375
5 0.33671875 0.60546875 0.04296875 0.0234375
5 0.5578125 0.66171875 0.02578125 0.028125
5 0.71484375 0.43828125 0.03125 0.0140625
5 0.75625 0.3140625 0.01875 0.01015625
5 0.015625 0.49375 0.03125 0.01953125
5 0.54375 0.39140625 0.02890625 0.01484375
5 0.51796875 0.4078125 0.03515625 0.021875
5 0.86640625 0.28984375 0.01953125 0.01015625
5 0.5859375 0.39375 0.03671875 0.01484375
5 0.77890625 0.509375 0.13515625 0.0265625
5 0.18046875 0.46328125 0.0296875 0.01640625
5 0.33984375 0.4515625 0.0328125 0.01328125
5 0.8140625 0.37734375 0.02734375 0.01328125
5 0.78125 0.32734375 0.01796875 0.00859375
5 0.240625 0.4484375 0.02734375 0.0171875
5 0.090625 0.49375 0.0390625 0.01796875
5 0.853125 0.340625 0.0203125 0.0125
0 0.225 0.80390625 0.29921875 0.1828125
0 0.61640625 0.66484375 0.09921875 0.07265625