5 0.3109375 0.6796875 0.04140625 0.04453125
5 0.41015625 0.8109375 0.06875 0.08359375
5 0.5171875 0.63515625 0.03203125 0.03125
5 0.24765625 0.63671875 0.0265625 0.03203125
5 0.56953125 0.82890625 0.08359375 0.090625
5 0.3953125 0.60625 0.025 0.02578125
5 0.8609375 0.7484375 0.0734375 0.0671875
5 0.26875 0.61484375 0.02578125 0.03203125
5 0.3390625 0.59609375 0.021875 0.02265625
5 0.43359375 0.69609375 0.05078125 0.05859375
5 0.6734375 0.72109375 0.06015625 0.0640625
5 0.2234375 0.61796875 0.01953125 0.0296875
5 0.30859375 0.5921875 0.0171875 0.0203125
5 0.86015625 0.95859375 0.13671875 0.0828125