4 0.1546875 0.53828125 0.215625 0.07265625
5 0.79296875 0.67109375 0.08515625 0.05234375
5 0.584375 0.89765625 0.20546875 0.128125
5 0.95234375 0.64296875 0.09140625 0.04375
5 0.034375 0.5828125 0.06796875 0.03125
5 0.890625 0.62734375 0.075 0.03359375
5 0.33984375 0.68046875 0.18359375 0.05390625
5 0.7859375 0.59375 0.04453125 0.028125
5 0.784375 0.63359375 0.07734375 0.0421875
5 0.57734375 0.5796875 0.04921875 0.025
5 0.853125 0.6125 0.06015625 0.034375
5 0.36171875 0.584375 0.109375 0.0328125
5 0.76796875 0.75546875 0.11875 0.0765625
5 0.33203125 0.57421875 0.07421875 0.02578125
5 0.6171875 0.5734375 0.0359375 0.0203125
5 0.753125 0.5875 0.05078125 0.02734375
5 0.17890625 0.57421875 0.10859375 0.028125
5 0.1734375 0.59765625 0.1046875 0.03046875