5 0.46875 0.37109375 0.03984375 0.0484375
5 0.47265625 0.690625 0.075 0.1046875
5 0.51953125 0.33125 0.03359375 0.03984375
5 0.5046875 0.2640625 0.025 0.03125
5 0.48515625 0.4375 0.04375 0.06171875
5 0.55234375 0.4640625 0.046875 0.0703125
5 0.60390625 0.62890625 0.075 0.1296875
5 0.39765625 0.434375 0.04453125 0.07890625
5 0.52890625 0.2046875 0.0171875 0.021875
5 0.4796875 0.1875 0.01484375 0.0171875
5 0.43046875 0.20234375 0.01640625 0.02109375
5 0.4625 0.19765625 0.015625 0.01953125
5 0.46484375 0.209375 0.0171875 0.0234375