8 0.078125 0.578125 0.14765625 0.209375
5 0.86484375 0.30625 0.0421875 0.0546875
5 0.54296875 0.5828125 0.1015625 0.13515625
5 0.72734375 0.2671875 0.04296875 0.04140625
5 0.6203125 0.42265625 0.071875 0.0828125
5 0.86953125 0.425 0.03125 0.08125
5 0.57890625 0.3515625 0.05234375 0.0578125
5 0.70546875 0.58359375 0.11875 0.16171875
5 0.55 0.23984375 0.03125 0.03203125
5 0.2515625 0.29140625 0.03828125 0.04609375
5 0.52421875 0.27109375 0.0390625 0.034375
5 0.115625 0.43515625 0.0640625 0.08125
5 0.49921875 0.36640625 0.06171875 0.084375
5 0.1109375 0.27109375 0.03203125 0.0421875
5 0.4515625 0.30234375 0.03671875 0.04765625
5 0.51796875 0.47734375 0.07890625 0.0953125
5 0.48828125 0.284375 0.0359375 0.05078125
5 0.10859375 0.37109375 0.0625 0.059375
5 0.43046875 0.3296875 0.0453125 0.05
5 0.52421875 0.3125 0.0359375 0.05078125
5 0.71640625 0.34296875 0.025 0.046875
9 0.67265625 0.70234375 0.04140625 0.09921875
9 0.01171875 0.4484375 0.0234375 0.059375
9 0.81171875 0.82890625 0.06015625 0.1828125
10 0.671875 0.653125 0.04296875 0.1140625
10 0.8125 0.765625 0.05703125 0.15
10 0.9859375 0.5359375 0.02734375 0.10859375