5 0.39296875 0.02734375 0.03984375 0.040625
5 0.315625 0.45703125 0.115625 0.153125
5 0.61484375 0.0234375 0.0328125 0.04453125
5 0.11640625 0.434375 0.121875 0.1453125
5 0.771875 0.546875 0.13984375 0.165625
5 0.65703125 0.18515625 0.0703125 0.0828125
5 0.51328125 0.40234375 0.115625 0.15625
5 0.415625 0.2140625 0.071875 0.08984375
5 0.26171875 0.25078125 0.078125 0.09765625
5 0.90546875 0.42109375 0.12421875 0.13359375
5 0.5171875 0.03828125 0.040625 0.0578125
5 0.74921875 0.1765625 0.06484375 0.071875
5 0.89296875 0.21328125 0.08359375 0.09609375
5 0.9 0.01640625 0.0375 0.0328125
5 0.70546875 0.06796875 0.04140625 0.06484375
5 0.72890625 0.040625 0.03984375 0.04609375
5 0.44921875 0.06015625 0.04140625 0.05234375
5 0.29765625 0.1734375 0.071875 0.103125
5 0.65390625 0.0078125 0.028125 0.01484375
5 0.70546875 0.00625 0.028125 0.0125
5 0.45078125 0.025 0.0375 0.04609375
5 0.825 0.0078125 0.0296875 0.015625
5 0.21328125 0.00546875 0.0328125 0.0109375
5 0.09453125 0.01328125 0.0453125 0.0265625
5 0.134375 0.01875 0.05390625 0.0375
5 0.98828125 0.05625 0.02265625 0.040625
9 0.27890625 0.0953125 0.0203125 0.04921875