5 0.39296875 0.89296875 0.2234375 0.13671875
5 0.79296875 0.79765625 0.17109375 0.1125
5 0.484375 0.61328125 0.09609375 0.0515625
5 0.403125 0.69375 0.12578125 0.0765625
5 0.90625 0.5578125 0.0734375 0.0359375
5 0.67109375 0.6765625 0.1203125 0.071875
5 0.64609375 0.5875 0.08203125 0.05
5 0.3625 0.5703125 0.075 0.0375
5 0.49296875 0.53203125 0.05546875 0.03125
5 0.640625 0.55234375 0.06640625 0.0359375
5 0.4875 0.56640625 0.07265625 0.04375
5 0.88203125 0.96640625 0.2328125 0.06640625
5 0.75703125 0.4796875 0.0328125 0.015625
5 0.87109375 0.51015625 0.04765625 0.02578125
5 0.51796875 0.50703125 0.05 0.02421875
5 0.44296875 0.49765625 0.0359375 0.01953125
5 0.5515625 0.4734375 0.02578125 0.01484375
5 0.79921875 0.49140625 0.0359375 0.01796875
5 0.50546875 0.49375 0.0328125 0.01875