5 0.6203125 0.78828125 0.1578125 0.0921875
5 0.74296875 0.65234375 0.10703125 0.05859375
5 0.784375 0.55625 0.06953125 0.03671875
5 0.534375 0.56875 0.0765625 0.04296875
5 0.81484375 0.7375 0.15859375 0.08828125
5 0.52421875 0.51328125 0.0515625 0.0265625
5 0.57578125 0.47890625 0.04140625 0.02421875
5 0.8859375 0.6171875 0.10234375 0.05
5 0.5046875 0.490625 0.046875 0.02578125
5 0.66015625 0.56484375 0.090625 0.05703125
5 0.49453125 0.47578125 0.03671875 0.01953125
5 0.2515625 0.4671875 0.034375 0.01796875
5 0.3953125 0.46015625 0.02890625 0.0171875
5 0.62109375 0.521875 0.06328125 0.03515625
5 0.534375 0.4546875 0.02421875 0.01484375
5 0.04375 0.61875 0.0875 0.0828125
5 0.2203125 0.52734375 0.07578125 0.04921875
5 0.4875 0.45390625 0.03125 0.01796875
5 0.48359375 0.440625 0.02421875 0.01171875