11 0.84921875 0.53828125 0.128125 0.06796875
5 0.5640625 0.43125 0.059375 0.0296875
5 0.4796875 0.4546875 0.06796875 0.040625
5 0.84765625 0.79453125 0.20859375 0.11484375
5 0.58671875 0.57109375 0.096875 0.05859375
5 0.37890625 0.45390625 0.0640625 0.034375
5 0.43359375 0.56171875 0.09765625 0.06015625
5 0.3640625 0.38515625 0.03984375 0.025
5 0.4046875 0.41015625 0.0484375 0.025
5 0.48515625 0.396875 0.04921875 0.021875
5 0.378125 0.346875 0.02890625 0.015625
5 0.46484375 0.38203125 0.0453125 0.02109375
5 0.271875 0.3234375 0.025 0.0140625
9 0.940625 0.53828125 0.03828125 0.03671875