5 0.71875 0.57265625 0.0359375 0.0453125
5 0.796875 0.68359375 0.05546875 0.07109375
5 0.9453125 0.884375 0.10625 0.10859375
5 0.7 0.5140625 0.02421875 0.03203125
5 0.584375 0.6921875 0.06875 0.08984375
5 0.684375 0.43984375 0.01484375 0.02109375
5 0.22421875 0.803125 0.0921875 0.13671875
5 0.64921875 0.46953125 0.0203125 0.02578125
5 0.521875 0.4796875 0.02421875 0.034375
5 0.66953125 0.63125 0.05234375 0.0671875
5 0.91875 0.51328125 0.0390625 0.034375
5 0.61328125 0.45390625 0.0171875 0.0234375
5 0.640625 0.5140625 0.02578125 0.0328125
5 0.54609375 0.4609375 0.01875 0.0296875
5 0.56640625 0.44375 0.0125 0.0203125
5 0.646875 0.52890625 0.0296875 0.0390625
9 0.70859375 0.54375 0.0125 0.03671875