5 0.17578125 0.95625 0.140625 0.08671875
5 0.49296875 0.8671875 0.10703125 0.12890625
5 0.209375 0.71640625 0.078125 0.075
5 0.62421875 0.61328125 0.03515625 0.053125
5 0.49296875 0.490625 0.0203125 0.0265625
5 0.52109375 0.640625 0.04765625 0.065625
5 0.5828125 0.55 0.02734375 0.03984375
5 0.146875 0.67890625 0.0671875 0.059375
5 0.75859375 0.5515625 0.028125 0.040625
5 0.340625 0.5609375 0.0328125 0.0375
5 0.46796875 0.57578125 0.03828125 0.04296875
5 0.57109375 0.65859375 0.05234375 0.08203125
5 0.528125 0.54765625 0.0328125 0.03828125
5 0.61328125 0.5296875 0.0265625 0.03203125
5 0.6671875 0.56796875 0.03046875 0.04375
5 0.60546875 0.7453125 0.0671875 0.096875
5 0.44453125 0.64375 0.06484375 0.07265625
5 0.86640625 0.565625 0.03046875 0.0421875
5 0.04453125 0.64296875 0.059375 0.05390625
5 0.56328125 0.4125 0.0140625 0.01953125
5 0.60234375 0.575 0.03359375 0.0421875
5 0.2421875 0.60078125 0.04765625 0.04296875
5 0.7578125 0.7609375 0.06796875 0.09453125
5 0.17265625 0.5390625 0.02578125 0.03046875
5 0.540625 0.96796875 0.12578125 0.0640625
5 0.7296875 0.69609375 0.06015625 0.0890625
5 0.51796875 0.51328125 0.02265625 0.02890625
5 0.23125 0.64296875 0.0515625 0.05703125
5 0.7859375 0.5234375 0.02421875 0.0328125
5 0.39609375 0.5140625 0.02421875 0.02734375
5 0.709375 0.84765625 0.09375 0.16875
5 0.52734375 0.5921875 0.0375 0.0421875
5 0.815625 0.7 0.059375 0.0953125
5 0.84140625 0.63203125 0.04453125 0.0765625
5 0.58359375 0.48359375 0.0140625 0.0234375
5 0.78359375 0.6171875 0.034375 0.05703125
5 0.5625 0.6078125 0.0390625 0.053125
5 0.52890625 0.45390625 0.01796875 0.02421875
5 0.6578125 0.53125 0.02578125 0.03359375
5 0.75546875 0.64765625 0.05546875 0.08984375
5 0.340625 0.76796875 0.0703125 0.09609375
5 0.79140625 0.49765625 0.01875 0.02734375
5 0.7453125 0.47734375 0.015625 0.0234375
5 0.59375 0.3859375 0.01484375 0.01796875
5 0.85546875 0.49140625 0.01953125 0.0328125
5 0.703125 0.53203125 0.025 0.0359375
5 0.55703125 0.5328125 0.025 0.03515625
5 0.6765625 0.51328125 0.021875 0.0296875
5 0.36953125 0.59609375 0.0453125 0.0609375
5 0.20078125 0.49765625 0.01953125 0.02109375
5 0.79296875 0.59140625 0.0359375 0.059375
9 0.46953125 0.65546875 0.015625 0.05
9 0.31171875 0.65 0.015625 0.0421875
9 0.11640625 0.6296875 0.01328125 0.03671875
9 0.1234375 0.71875 0.02421875 0.046875
9 0.73203125 0.57578125 0.01328125 0.04296875