4 0.4328125 0.03125 0.0890625 0.0515625
5 0.4140625 0.4890625 0.16328125 0.10625
5 0.71171875 0.6984375 0.23203125 0.15
5 0.3703125 0.05078125 0.046875 0.0265625
5 0.50625 0.2984375 0.1234375 0.0828125
5 0.14765625 0.4578125 0.16953125 0.10078125
5 0.78125 0.04375 0.0453125 0.03125
5 0.48359375 0.13671875 0.06796875 0.0484375
5 0.44296875 0.08515625 0.05390625 0.0328125
5 0.4859375 0.16953125 0.06875 0.04453125
5 0.5125 0.215625 0.09140625 0.06328125
5 0.26953125 0.01953125 0.04609375 0.0265625
5 0.4625 0.1109375 0.05625 0.0359375
16 0.6140625 0.09296875 0.12265625 0.11875