5 0.690625 0.853125 0.209375 0.2890625
5 0.2140625 0.36953125 0.109375 0.2
14 0.04765625 0.09609375 0.0328125 0.19140625
3 0.04296875 0.875 0.0859375 0.178125
4 0.90390625 0.625 0.1890625 0.74453125
13 0.3328125 0.7125 0.221875 0.30859375
9 0.7609375 0.671875 0.065625 0.1890625
9 0.7 0.546875 0.05625 0.15
10 0.015625 0.83046875 0.03125 0.271875
10 0.5140625 0.6875 0.05 0.246875
10 0.29921875 0.50859375 0.0421875 0.121875
10 0.31640625 0.321875 0.0328125 0.16640625
10 0.01640625 0.16796875 0.0328125 0.1140625
10 0.56640625 0.6265625 0.0328125 0.23046875
10 0.18046875 0.44296875 0.0546875 0.16953125
10 0.571875 0.5015625 0.0625 0.203125
10 0.76015625 0.603125 0.0609375 0.178125
10 0.69765625 0.4765625 0.0484375 0.153125
10 0.2171875 0.54296875 0.05 0.19140625