5 0.35234375 0.821875 0.128125 0.08515625
5 0.81328125 0.75703125 0.11875 0.0578125
5 0.4 0.64609375 0.0546875 0.028125
5 0.6125 0.6671875 0.07109375 0.03125
5 0.24609375 0.61640625 0.03671875 0.01953125
5 0.88984375 0.7328125 0.1140625 0.05078125
5 0.7609375 0.63515625 0.0578125 0.02421875
5 0.75859375 0.68671875 0.07890625 0.040625
5 0.4171875 0.68828125 0.0671875 0.0421875
5 0.32109375 0.7 0.075 0.0515625
5 0.3140625 0.64609375 0.05 0.02890625
5 0.83671875 0.678125 0.07734375 0.0359375
5 0.6484375 0.6265625 0.046875 0.01875
5 0.67578125 0.7 0.08515625 0.04609375
5 0.6265625 0.6453125 0.05390625 0.0265625
5 0.5265625 0.63203125 0.04296875 0.02109375
5 0.69609375 0.6640625 0.07109375 0.0296875
5 0.95546875 0.8453125 0.0875 0.084375
5 0.58359375 0.6296875 0.03984375 0.02109375
5 0.4984375 0.6171875 0.03671875 0.021875
5 0.02421875 0.63828125 0.0484375 0.03125
5 0.56171875 0.64765625 0.0546875 0.02890625
5 0.19140625 0.6 0.0296875 0.021875