5 0.27890625 0.6578125 0.11484375 0.0765625
5 0.73359375 0.5265625 0.05703125 0.03515625
5 0.675 0.63828125 0.1046875 0.071875
5 0.934375 0.49296875 0.0484375 0.02734375
5 0.7109375 0.4359375 0.0234375 0.01484375
5 0.7484375 0.47265625 0.0375 0.02734375
5 0.52734375 0.6109375 0.090625 0.065625
5 0.65625 0.48984375 0.03984375 0.02890625
5 0.60078125 0.82109375 0.1859375 0.15703125
5 0.8875 0.45703125 0.0203125 0.01875
5 0.940625 0.45 0.028125 0.01953125
5 0.153125 0.90703125 0.22421875 0.16484375
5 0.7140625 0.57421875 0.07578125 0.05234375
10 0.6359375 0.803125 0.05 0.040625