5 0.5234375 0.6921875 0.04140625 0.05390625
5 0.575 0.646875 0.0328125 0.03984375
5 0.34765625 0.78984375 0.0765625 0.0828125
5 0.446875 0.7625 0.0625 0.07421875
5 0.46484375 0.696875 0.0484375 0.05859375
5 0.65625 0.9265625 0.09765625 0.12890625
5 0.5390625 0.9796875 0.11328125 0.03984375
5 0.37578125 0.97421875 0.11875 0.05
5 0.60703125 0.75703125 0.06171875 0.0734375
5 0.48046875 0.65 0.03984375 0.04296875
5 0.409375 0.86484375 0.09140625 0.11796875
5 0.715625 0.8 0.08125 0.0984375
5 0.5265625 0.62734375 0.0296875 0.03828125
5 0.4234375 0.65234375 0.03671875 0.04375
5 0.56796875 0.61015625 0.02890625 0.03515625
9 0.6640625 0.7265625 0.0171875 0.03828125
9 0.6078125 0.65625 0.0140625 0.028125
9 0.25859375 0.84609375 0.03203125 0.06796875
9 0.175 0.80546875 0.0609375 0.05703125
9 0.63828125 0.7015625 0.0140625 0.0359375
10 0.26484375 0.75 0.0171875 0.059375
10 0.66328125 0.7125 0.01875 0.05
10 0.721875 0.6984375 0.01171875 0.03671875
10 0.73671875 0.6859375 0.01171875 0.0328125
10 0.3984375 0.6234375 0.0125 0.0328125
10 0.80859375 0.76953125 0.02109375 0.06171875