5 0.40078125 0.8125 0.1578125 0.07890625
5 0.9296875 0.63671875 0.05390625 0.03046875
5 0.7109375 0.83671875 0.13359375 0.0828125
5 0.8359375 0.6265625 0.05703125 0.03046875
5 0.72734375 0.59609375 0.04140625 0.021875
5 0.6578125 0.7 0.07421875 0.0421875
5 0.475 0.73671875 0.1109375 0.053125
5 0.4328125 0.62265625 0.065625 0.03203125
5 0.33515625 0.62890625 0.06953125 0.0296875
5 0.7671875 0.625 0.05625 0.02734375
5 0.625 0.75703125 0.1 0.05625
5 0.16015625 0.69375 0.1171875 0.046875
5 0.8828125 0.5828125 0.0328125 0.01796875
5 0.81953125 0.58515625 0.034375 0.01796875
5 0.228125 0.57578125 0.07578125 0.01875
5 0.40078125 0.60546875 0.0578125 0.02578125
5 0.56875 0.5859375 0.0421875 0.01953125
5 0.465625 0.56015625 0.03828125 0.01484375
5 0.80390625 0.55703125 0.02421875 0.01328125
5 0.6296875 0.646875 0.0671875 0.034375
5 0.78125 0.56640625 0.02890625 0.01484375
5 0.7828125 0.61015625 0.04765625 0.0234375
5 0.896875 0.55703125 0.02421875 0.01328125
5 0.35078125 0.6015625 0.053125 0.02421875
5 0.7125 0.6671875 0.06328125 0.040625
5 0.25 0.60546875 0.065625 0.025
5 0.8421875 0.5640625 0.028125 0.01484375
5 0.5125 0.596875 0.046875 0.0234375
5 0.80859375 0.57578125 0.028125 0.0171875
5 0.578125 0.55078125 0.02578125 0.0125
5 0.10234375 0.5765625 0.0421875 0.015625
5 0.8203125 0.54921875 0.021875 0.01171875
5 0.17421875 0.57265625 0.06875 0.0171875
10 0.07265625 0.6140625 0.01640625 0.0265625
10 0.05625 0.6125 0.0140625 0.028125