15 0.571875 0.6671875 0.03515625 0.053125
5 0.79921875 0.803125 0.08203125 0.08125
5 0.48828125 0.828125 0.11875 0.125
5 0.04765625 0.840625 0.0953125 0.16484375
5 0.409375 0.78125 0.0453125 0.0578125
5 0.72578125 0.77265625 0.04296875 0.05
5 0.55703125 0.79453125 0.0625 0.0765625
5 0.44609375 0.79296875 0.05546875 0.07421875
5 0.30390625 0.78828125 0.08828125 0.090625
5 0.20703125 0.9015625 0.375 0.1953125
5 0.81484375 0.76796875 0.04140625 0.04375
11 0.65859375 0.79609375 0.08984375 0.12890625