5 0.1328125 0.76015625 0.15234375 0.078125
5 0.38359375 0.828125 0.26875 0.13125
5 0.375 0.73984375 0.1375 0.0515625
5 0.68671875 0.6640625 0.0921875 0.0484375
5 0.50625 0.57734375 0.03828125 0.02421875
5 0.3515625 0.575 0.03828125 0.01796875
5 0.2734375 0.5703125 0.03359375 0.0203125
5 0.40859375 0.6453125 0.071875 0.0421875
5 0.67734375 0.6140625 0.05 0.025
5 0.196875 0.709375 0.109375 0.04921875
5 0.44453125 0.56796875 0.03203125 0.01953125
5 0.61953125 0.59609375 0.0375 0.0171875
5 0.40703125 0.6171875 0.04765625 0.015625
5 0.6390625 0.60390625 0.04453125 0.02109375
5 0.49296875 0.56484375 0.03125 0.01640625
16 0.853125 0.60703125 0.1046875 0.0828125
16 0.73984375 0.5953125 0.059375 0.04609375