1 0.26875 0.165625 0.115625 0.11015625
1 0.12890625 0.46328125 0.0796875 0.15625
1 0.46953125 0.27734375 0.05703125 0.05625
1 0.396875 0.24296875 0.075 0.071875
1 0.32890625 0.4421875 0.04921875 0.103125
5 0.37734375 0.77265625 0.38046875 0.271875
5 0.7921875 0.67734375 0.25390625 0.23828125
5 0.23359375 0.64375 0.20546875 0.21484375
5 0.80859375 0.78046875 0.2296875 0.25390625
9 0.35859375 0.57890625 0.05859375 0.11484375
10 0.35859375 0.53359375 0.05703125 0.115625
10 0.51953125 0.5296875 0.03359375 0.08203125
10 0.8453125 0.46875 0.0296875 0.06484375