14 0.43046875 0.7109375 0.02578125 0.0390625
14 0.46328125 0.72421875 0.02578125 0.0390625
5 0.46015625 0.884375 0.1765625 0.0734375
5 0.13203125 0.95703125 0.23359375 0.08515625
5 0.2171875 0.88125 0.15390625 0.06875
5 0.73125 0.92578125 0.17265625 0.0875
5 0.46953125 0.51875 0.05 0.0234375
5 0.3671875 0.58515625 0.0546875 0.02734375
5 0.50546875 0.584375 0.0703125 0.02734375
5 0.69140625 0.903125 0.140625 0.06796875
5 0.22421875 0.7828125 0.09765625 0.0421875
5 0.2578125 0.775 0.07578125 0.040625
10 0.765625 0.821875 0.02734375 0.03984375
10 0.76953125 0.7703125 0.03203125 0.05
10 0.81640625 0.8234375 0.02109375 0.03359375
10 0.79453125 0.8140625 0.0328125 0.053125