1 0.2703125 0.33671875 0.12421875 0.0484375
4 0.29140625 0.4109375 0.20859375 0.26015625
8 0.90859375 0.6671875 0.18125 0.48203125
4 0.45390625 0.409375 0.159375 0.22890625
5 0.5921875 0.4609375 0.1265625 0.1359375
5 0.22109375 0.75078125 0.4421875 0.31484375
10 0.659375 0.44375 0.04296875 0.1328125
10 0.11484375 0.43046875 0.0375 0.1328125
10 0.0421875 0.39609375 0.03671875 0.1171875
10 0.9453125 0.37421875 0.021875 0.04296875
10 0.13515625 0.45625 0.0328125 0.1453125
10 0.15859375 0.465625 0.0421875 0.14765625