4 0.76015625 0.57890625 0.1515625 0.1359375
4 0.034375 0.65625 0.06875 0.18046875
4 0.7046875 0.53046875 0.12421875 0.1078125
5 0.29921875 0.80625 0.1796875 0.134375
5 0.696875 0.78046875 0.16484375 0.10390625
5 0.90078125 0.61171875 0.09765625 0.059375
5 0.11953125 0.765625 0.15859375 0.11953125
5 0.66328125 0.7 0.12578125 0.08203125
5 0.57734375 0.55 0.075 0.0578125
5 0.35859375 0.7703125 0.13828125 0.11953125
5 0.15859375 0.72890625 0.13828125 0.10390625
5 0.60390625 0.63828125 0.1203125 0.0875
9 0.9171875 0.66171875 0.0296875 0.04375
9 0.984375 0.64921875 0.02890625 0.03828125
10 0.053125 0.81640625 0.0765625 0.1203125
10 0.41875 0.4859375 0.01640625 0.04140625
10 0.06953125 0.49921875 0.015625 0.04296875
10 0.97578125 0.52265625 0.02109375 0.0484375
10 0.45078125 0.49765625 0.0234375 0.04609375
10 0.2203125 0.51640625 0.02109375 0.04140625
10 0.14609375 0.52265625 0.01796875 0.046875
10 0.015625 0.4890625 0.015625 0.03828125
10 0.85625 0.50625 0.0171875 0.04375
10 0.984375 0.63046875 0.03125 0.06171875
10 0.86875 0.50390625 0.01796875 0.0453125
10 0.91640625 0.64375 0.0375 0.065625
10 0.1984375 0.51875 0.021875 0.0453125